date,state,positive,negative,pending,hospitalizedCurrently,hospitalizedCumulative,inIcuCurrently,inIcuCumulative,onVentilatorCurrently,onVentilatorCumulative,recovered,death,hospitalized,total,totalTestResults,posNeg,deathIncrease,hospitalizedIncrease,negativeIncrease,positiveIncrease,totalTestResultsIncrease
20200419,WA,11802,123904,None,586,None,193,None,None,None,None,624,None,135706,135706,135706,21,0,3722,357,4079
20200418,WA,11445,120182,None,518,None,155,None,None,None,None,603,None,131627,131627,131627,20,0,2434,293,2727
20200417,WA,11152,117748,None,622,None,195,None,None,None,None,583,None,128900,128900,128900,16,0,4248,369,4617
20200416,WA,10783,113500,None,595,None,196,None,None,None,None,567,None,124283,124283,124283,26,0,1340,89,1429
20200415,WA,10694,112160,None,645,None,194,None,None,None,None,541,None,122854,122854,122854,25,0,28769,156,28925
20200414,WA,10538,83391,None,387,None,98,None,None,None,None,516,None,93929,93929,93929,8,0,0,127,127
20200413,WA,10411,83391,None,527,None,166,None,None,None,None,508,None,93802,93802,93802,17,0,0,187,187
20200412,WA,10224,83391,None,642,None,191,None,None,None,None,491,None,93615,93615,93615,0,0,0,0,0
20200411,WA,10224,83391,None,649,None,191,None,None,None,None,491,None,93615,93615,93615,45,0,0,0,0
20200410,WA,10224,83391,None,642,None,191,None,None,None,None,446,None,93615,93615,93615,0,0,0,455,455
20200409,WA,9769,83391,None,650,None,191,None,None,None,None,446,None,93160,93160,93160,0,0,0,263,263
20200408,WA,9506,83391,None,655,None,186,None,None,None,None,446,None,92897,92897,92897,53,0,0,463,463
20200407,WA,9043,83391,None,641,None,190,None,None,None,None,393,None,92434,92434,92434,15,0,0,364,364
20200406,WA,8679,83391,None,638,None,191,None,None,None,None,378,None,92070,92070,92070,13,0,3064,347,3411
20200405,WA,8332,80327,None,581,None,178,None,None,None,None,365,None,88659,88659,88659,20,0,4694,398,5092
20200404,WA,7934,75633,None,574,None,174,None,None,None,None,345,None,83567,83567,83567,20,0,2800,386,3186
20200403,WA,7548,72833,None,None,None,None,None,None,None,None,325,None,80381,80381,80381,29,0,4019,586,4605
20200402,WA,6962,68814,None,None,None,None,None,None,None,None,296,None,75776,75776,75776,26,0,8248,369,8617
20200401,WA,6593,60566,None,None,None,None,None,None,None,None,270,None,67159,67159,67159,18,0,0,563,563
20200331,WA,6030,60566,None,None,None,None,None,None,None,None,252,None,66596,66596,66596,13,0,0,464,464
20200330,WA,5566,60566,None,None,None,None,None,None,None,None,239,None,66132,66132,66132,11,0,5670,464,6134
20200329,WA,5102,54896,None,None,None,None,None,None,None,None,228,None,59998,59998,59998,17,0,5881,395,6276
20200328,WA,4707,49015,None,None,None,None,None,None,None,None,211,None,53722,53722,53722,20,0,5842,469,6311
20200327,WA,4238,43173,None,None,None,None,None,None,None,None,191,None,47411,47411,47411,14,0,11461,493,11954
20200326,WA,3745,31712,None,None,None,None,None,None,None,None,177,None,35457,35457,35457,22,0,0,470,470
20200325,WA,3275,31712,None,None,None,None,None,None,None,None,155,None,34987,34987,34987,13,0,0,452,452
20200324,WA,2823,31712,None,None,None,None,None,None,None,None,142,None,34535,34535,34535,9,0,2833,373,3206
20200323,WA,2450,28879,None,None,None,None,None,None,None,None,133,None,31329,31329,31329,11,0,3551,208,3759
20200322,WA,2242,25328,None,None,None,None,None,None,None,None,122,None,27570,27570,27570,14,0,3609,236,3845
20200321,WA,2006,21719,None,None,None,None,None,None,None,None,108,None,23725,23725,23725,6,0,2383,233,2616
20200320,WA,1773,19336,None,None,None,None,None,None,None,None,102,None,21109,21109,21109,11,0,3418,238,3656
20200319,WA,1535,15918,None,None,None,None,None,None,None,None,91,None,17453,17453,17453,10,0,2801,147,2948
20200318,WA,1388,13117,None,None,None,None,None,None,None,None,81,None,14505,14505,14505,4,0,1535,170,1705
20200317,WA,1218,11582,None,None,None,None,None,None,None,None,77,None,12800,12800,12800,9,0,2131,166,2297
20200316,WA,1052,9451,None,None,None,None,None,None,None,None,68,None,10503,10503,10503,12,0,2329,128,2457
20200315,WA,924,7122,None,None,None,None,None,None,None,None,56,None,8046,8046,8046,5,0,1121,131,1252
20200314,WA,793,6001,None,None,None,None,None,None,None,None,51,None,6794,6794,6794,4,0,1651,100,1751
20200313,WA,693,4350,None,None,None,None,None,None,None,None,47,None,5043,5043,5043,3,0,1313,150,1463
20200312,WA,543,3037,None,None,None,None,None,None,None,None,44,None,3580,3580,3580,4,0,862,69,931
20200311,WA,474,2175,None,None,None,None,None,None,None,None,40,None,2649,2649,2649,3,0,1065,84,1149
20200310,WA,390,1110,None,None,None,None,None,None,None,None,37,None,1500,1500,1500,2,0,0,47,47
20200309,WA,343,1110,None,None,None,None,None,None,None,None,35,None,1453,1453,1453,4,0,470,97,567
20200308,WA,246,640,60,None,None,None,None,None,None,None,31,None,946,886,886,4,0,270,65,335
20200307,WA,181,370,66,None,None,None,None,None,None,None,27,None,617,551,551,1,0,0,32,32
20200306,WA,149,370,None,None,None,None,None,None,None,None,26,None,519,519,519,6,0,370,53,423
20200305,WA,96,None,None,None,None,None,None,None,None,None,20,None,96,96,96,4,0,0,20,20
20200304,WA,76,None,None,None,None,None,None,None,None,None,16,None,76,76,76,2,0,0,18,18
20200303,WA,58,None,None,None,None,None,None,None,None,None,14,None,58,58,58,3,0,0,24,24
20200302,WA,34,None,None,None,None,None,None,None,None,None,11,None,34,34,34,3,0,0,4,4
20200301,WA,30,None,None,None,None,None,None,None,None,None,8,None,30,30,30,3,0,0,12,12
20200229,WA,18,None,None,None,None,None,None,None,None,None,5,None,18,18,18,1,0,0,9,9
20200228,WA,9,None,None,None,None,None,None,None,None,None,4,None,9,9,9,None,None,None,None,None
